      Actor           Activity         Design.Object          Affordance
 NotOwner:12   Generating :26   Implementation:10    Analysis      : 1  
 Owner   :17   Negotiating: 1   Knowledge     : 2    Control       : 6  
               Socializing: 2   Prototype     : 8    Cooperative   : 2  
                                Specification : 9    Infrastructure: 2  
                                                     Transformation:18  
 Input.Output
 Input : 2   
 Output:11   
 Update:16   
             
             
                                                     Sequence
 Owner-Generating-Implementation-Transformation-Update   :6  
 Owner-Generating-Specification-Control-Output           :5  
 NotOwner-Generating-Implementation-Transformation-Update:4  
 Owner-Generating-Prototype-Transformation-Output        :3  
 Owner-Generating-Specification-Transformation-Update    :2  
 NotOwner-Generating-Knowledge-Infrastructure-Update     :1  
 (Other)                                                 :8  
 [>] sequence object created with TraMineR version 1.8-1 
 [>] 29 sequences in the data set, 14 unique 
 [>] min/max sequence length: 5/5
 [>] alphabet (state labels):  
     1=Analysis (Analysis)
     2=Control (Control)
     3=Cooperative (Cooperative)
     4=Generating (Generating)
     5=Implementation (Implementation)
     6=Infrastructure (Infrastructure)
     7=Input (Input)
     8=Knowledge (Knowledge)
     9=Negotiating (Negotiating)
     10=NotOwner (NotOwner)
     11=Output (Output)
     12=Owner (Owner)
 [>] dimensionality of the sequence space: 80 
 [>] colors: 1= 2= 3= 4= 5= 6= 7= 8= 9= 10= 11= 12= 13= 14= 15= 16= 17= 
      [,1] [,2] [,3] [,4] [,5] [,6] [,7] [,8] [,9] [,10] [,11] [,12] [,13] [,14]
 [1,]    0    8    7    6    6    8    6    8    4     6     4     4     6     6
 [2,]    8    0    8    6    6    0    6    0    8     6     9     4     6     6
 [3,]    7    8    0    7    7    8    7    8    6     7     8     8     7     7
 [4,]    6    6    7    0    0    6    0    6    2     0     8     4     0     0
 [5,]    6    6    7    0    0    6    0    6    2     0     8     4     0     0
 [6,]    8    0    8    6    6    0    6    0    8     6     9     4     6     6
 [7,]    6    6    7    0    0    6    0    6    2     0     8     4     0     0
 [8,]    8    0    8    6    6    0    6    0    8     6     9     4     6     6
 [9,]    4    8    6    2    2    8    2    8    0     2     7     6     2     2
[10,]    6    6    7    0    0    6    0    6    2     0     8     4     0     0
[11,]    4    9    8    8    8    9    8    9    7     8     0     7     8     8
[12,]    4    4    8    4    4    4    4    4    6     4     7     0     4     4
[13,]    6    6    7    0    0    6    0    6    2     0     8     4     0     0
[14,]    6    6    7    0    0    6    0    6    2     0     8     4     0     0
[15,]    4    4    8    4    4    4    4    4    6     4     7     0     4     4
[16,]    4    8    6    2    2    8    2    8    0     2     7     6     2     2
[17,]    4    4    8    4    4    4    4    4    6     4     7     0     4     4
[18,]    4    8    6    2    2    8    2    8    0     2     7     6     2     2
[19,]    4    8    6    2    2    8    2    8    0     2     7     6     2     2
[20,]    4    6    7    7    7    6    7    6    5     7     6     4     7     7
[21,]    8    0    8    6    6    0    6    0    8     6     9     4     6     6
[22,]    8    5    4    9    9    5    9    5    7     9     8     7     9     9
[23,]    4    6    7    2    2    6    2    6    4     2     7     2     2     2
[24,]    5    8    4    6    6    8    6    8    4     6     8     7     6     6
[25,]    8    0    8    6    6    0    6    0    8     6     9     4     6     6
[26,]    2    8    6    4    4    8    4    8    2     4     6     4     4     4
[27,]    6    2    7    8    8    2    8    2    6     8     8     6     8     8
[28,]    6    4    7    2    2    4    2    4    4     2     8     4     2     2
[29,]    6    4    7    2    2    4    2    4    4     2     8     4     2     2
      [,15] [,16] [,17] [,18] [,19] [,20] [,21] [,22] [,23] [,24] [,25] [,26] [,27]
 [1,]     4     4     4     4     4     4     8     8     4     5     8     2     6
 [2,]     4     8     4     8     8     6     0     5     6     8     0     8     2
 [3,]     8     6     8     6     6     7     8     4     7     4     8     6     7
 [4,]     4     2     4     2     2     7     6     9     2     6     6     4     8
 [5,]     4     2     4     2     2     7     6     9     2     6     6     4     8
 [6,]     4     8     4     8     8     6     0     5     6     8     0     8     2
 [7,]     4     2     4     2     2     7     6     9     2     6     6     4     8
 [8,]     4     8     4     8     8     6     0     5     6     8     0     8     2
 [9,]     6     0     6     0     0     5     8     7     4     4     8     2     6
[10,]     4     2     4     2     2     7     6     9     2     6     6     4     8
[11,]     7     7     7     7     7     6     9     8     7     8     9     6     8
[12,]     0     6     0     6     6     4     4     7     2     7     4     4     6
[13,]     4     2     4     2     2     7     6     9     2     6     6     4     8
[14,]     4     2     4     2     2     7     6     9     2     6     6     4     8
[15,]     0     6     0     6     6     4     4     7     2     7     4     4     6
[16,]     6     0     6     0     0     5     8     7     4     4     8     2     6
[17,]     0     6     0     6     6     4     4     7     2     7     4     4     6
[18,]     6     0     6     0     0     5     8     7     4     4     8     2     6
[19,]     6     0     6     0     0     5     8     7     4     4     8     2     6
[20,]     4     5     4     5     5     0     6     6     6     4     6     4     4
[21,]     4     8     4     8     8     6     0     5     6     8     0     8     2
[22,]     7     7     7     7     7     6     5     0     9     7     5     7     4
[23,]     2     4     2     4     4     6     6     9     0     6     6     2     8
[24,]     7     4     7     4     4     4     8     7     6     0     8     4     6
[25,]     4     8     4     8     8     6     0     5     6     8     0     8     2
[26,]     4     2     4     2     2     4     8     7     2     4     8     0     6
[27,]     6     6     6     6     6     4     2     4     8     6     2     6     0
[28,]     4     4     4     4     4     7     4     7     2     6     4     4     6
[29,]     4     4     4     4     4     7     4     7     2     6     4     4     6
      [,28] [,29]
 [1,]     6     6
 [2,]     4     4
 [3,]     7     7
 [4,]     2     2
 [5,]     2     2
 [6,]     4     4
 [7,]     2     2
 [8,]     4     4
 [9,]     4     4
[10,]     2     2
[11,]     8     8
[12,]     4     4
[13,]     2     2
[14,]     2     2
[15,]     4     4
[16,]     4     4
[17,]     4     4
[18,]     4     4
[19,]     4     4
[20,]     7     7
[21,]     4     4
[22,]     7     7
[23,]     2     2
[24,]     6     6
[25,]     4     4
[26,]     4     4
[27,]     6     6
[28,]     0     0
[29,]     0     0
      [,1] [,2] [,3] [,4] [,5] [,6] [,7] [,8] [,9] [,10] [,11] [,12] [,13] [,14]
 [1,]    0    8    7    6    6    8    6    8    4     6     4     4     6     6
 [2,]    8    0    8    6    6    0    6    0    8     6     9     4     6     6
 [3,]    7    8    0    7    7    8    7    8    6     7     8     8     7     7
 [4,]    6    6    7    0    0    6    0    6    2     0     8     4     0     0
 [5,]    6    6    7    0    0    6    0    6    2     0     8     4     0     0
 [6,]    8    0    8    6    6    0    6    0    8     6     9     4     6     6
 [7,]    6    6    7    0    0    6    0    6    2     0     8     4     0     0
 [8,]    8    0    8    6    6    0    6    0    8     6     9     4     6     6
 [9,]    4    8    6    2    2    8    2    8    0     2     7     6     2     2
[10,]    6    6    7    0    0    6    0    6    2     0     8     4     0     0
[11,]    4    9    8    8    8    9    8    9    7     8     0     7     8     8
[12,]    4    4    8    4    4    4    4    4    6     4     7     0     4     4
[13,]    6    6    7    0    0    6    0    6    2     0     8     4     0     0
[14,]    6    6    7    0    0    6    0    6    2     0     8     4     0     0
[15,]    4    4    8    4    4    4    4    4    6     4     7     0     4     4
[16,]    4    8    6    2    2    8    2    8    0     2     7     6     2     2
[17,]    4    4    8    4    4    4    4    4    6     4     7     0     4     4
[18,]    4    8    6    2    2    8    2    8    0     2     7     6     2     2
[19,]    4    8    6    2    2    8    2    8    0     2     7     6     2     2
[20,]    4    6    7    7    7    6    7    6    5     7     6     4     7     7
[21,]    8    0    8    6    6    0    6    0    8     6     9     4     6     6
[22,]    8    5    4    9    9    5    9    5    7     9     8     7     9     9
[23,]    4    6    7    2    2    6    2    6    4     2     7     2     2     2
[24,]    5    8    4    6    6    8    6    8    4     6     8     7     6     6
[25,]    8    0    8    6    6    0    6    0    8     6     9     4     6     6
[26,]    2    8    6    4    4    8    4    8    2     4     6     4     4     4
[27,]    6    2    7    8    8    2    8    2    6     8     8     6     8     8
[28,]    6    4    7    2    2    4    2    4    4     2     8     4     2     2
[29,]    6    4    7    2    2    4    2    4    4     2     8     4     2     2
      [,15] [,16] [,17] [,18] [,19] [,20] [,21] [,22] [,23] [,24] [,25] [,26] [,27]
 [1,]     4     4     4     4     4     4     8     8     4     5     8     2     6
 [2,]     4     8     4     8     8     6     0     5     6     8     0     8     2
 [3,]     8     6     8     6     6     7     8     4     7     4     8     6     7
 [4,]     4     2     4     2     2     7     6     9     2     6     6     4     8
 [5,]     4     2     4     2     2     7     6     9     2     6     6     4     8
 [6,]     4     8     4     8     8     6     0     5     6     8     0     8     2
 [7,]     4     2     4     2     2     7     6     9     2     6     6     4     8
 [8,]     4     8     4     8     8     6     0     5     6     8     0     8     2
 [9,]     6     0     6     0     0     5     8     7     4     4     8     2     6
[10,]     4     2     4     2     2     7     6     9     2     6     6     4     8
[11,]     7     7     7     7     7     6     9     8     7     8     9     6     8
[12,]     0     6     0     6     6     4     4     7     2     7     4     4     6
[13,]     4     2     4     2     2     7     6     9     2     6     6     4     8
[14,]     4     2     4     2     2     7     6     9     2     6     6     4     8
[15,]     0     6     0     6     6     4     4     7     2     7     4     4     6
[16,]     6     0     6     0     0     5     8     7     4     4     8     2     6
[17,]     0     6     0     6     6     4     4     7     2     7     4     4     6
[18,]     6     0     6     0     0     5     8     7     4     4     8     2     6
[19,]     6     0     6     0     0     5     8     7     4     4     8     2     6
[20,]     4     5     4     5     5     0     6     6     6     4     6     4     4
[21,]     4     8     4     8     8     6     0     5     6     8     0     8     2
[22,]     7     7     7     7     7     6     5     0     9     7     5     7     4
[23,]     2     4     2     4     4     6     6     9     0     6     6     2     8
[24,]     7     4     7     4     4     4     8     7     6     0     8     4     6
[25,]     4     8     4     8     8     6     0     5     6     8     0     8     2
[26,]     4     2     4     2     2     4     8     7     2     4     8     0     6
[27,]     6     6     6     6     6     4     2     4     8     6     2     6     0
[28,]     4     4     4     4     4     7     4     7     2     6     4     4     6
[29,]     4     4     4     4     4     7     4     7     2     6     4     4     6
      [,28] [,29]
 [1,]     6     6
 [2,]     4     4
 [3,]     7     7
 [4,]     2     2
 [5,]     2     2
 [6,]     4     4
 [7,]     2     2
 [8,]     4     4
 [9,]     4     4
[10,]     2     2
[11,]     8     8
[12,]     4     4
[13,]     2     2
[14,]     2     2
[15,]     4     4
[16,]     4     4
[17,]     4     4
[18,]     4     4
[19,]     4     4
[20,]     7     7
[21,]     4     4
[22,]     7     7
[23,]     2     2
[24,]     6     6
[25,]     4     4
[26,]     4     4
[27,]     6     6
[28,]     0     0
[29,]     0     0
